2.001260, -0.367253
2.002522, -0.368050
2.003786, -0.368849
2.005051, -0.369650
2.006318, -0.370453
2.007586, -0.371258
2.008857, -0.372065
2.010128, -0.372874
2.011402, -0.373686
2.012677, -0.374499
2.013953, -0.375314
2.015232, -0.376132
2.016511, -0.376951
2.017793, -0.377773
2.019076, -0.378597
2.020361, -0.379423
2.021647, -0.380251
2.022936, -0.381081
2.024225, -0.381913
2.025517, -0.382748
2.026810, -0.383584
2.028104, -0.384423
2.029401, -0.385263
2.030699, -0.386106
2.031998, -0.386951
2.033299, -0.387798
2.034602, -0.388648
2.035907, -0.389499
2.037213, -0.390353
2.038521, -0.391209
2.039830, -0.392066
2.041142, -0.392927
2.042454, -0.393789
2.043769, -0.394653
2.045085, -0.395520
2.046402, -0.396388
2.047722, -0.397259
2.049043, -0.398133
2.050366, -0.399008
2.051690, -0.399885
2.053016, -0.400765
2.054344, -0.401647
2.055673, -0.402531
2.057004, -0.403418
2.058337, -0.404306
2.059672, -0.405197
2.061008, -0.406090
2.062345, -0.406985
2.063684, -0.407883
2.065025, -0.408782
2.066368, -0.409684
2.067712, -0.410588
2.069058, -0.411494
2.070405, -0.412403
2.071755, -0.413314
2.073106, -0.414227
2.074458, -0.415142
2.075812, -0.416060
2.077168, -0.416980
2.078526, -0.417902
2.079885, -0.418826
2.081246, -0.419753
2.082608, -0.420682
2.083973, -0.421613
2.085339, -0.422546
2.086706, -0.423482
2.088075, -0.424420
2.089446, -0.425360
2.090819, -0.426303
2.092193, -0.427248
2.093569, -0.428195
2.094947, -0.429144
2.096326, -0.430096
2.097707, -0.431050
2.099089, -0.432007
2.100474, -0.432965
2.101860, -0.433926
2.103247, -0.434890
2.104636, -0.435855
2.106027, -0.436823
2.107420, -0.437794
2.108814, -0.438766
2.110210, -0.439741
2.111608, -0.440719
2.113007, -0.441698
2.114408, -0.442680
2.115811, -0.443664
2.117215, -0.444651
2.118621, -0.445640
2.120028, -0.446631
2.121438, -0.447625
2.122849, -0.448621
2.124261, -0.449620
2.125676, -0.450620
2.127092, -0.451624
2.128509, -0.452629
2.129929, -0.453637
2.131350, -0.454647
2.132772, -0.455660
2.134197, -0.456675
2.135623, -0.457692
2.137050, -0.458712
2.138479, -0.459734
2.139910, -0.460759
2.141343, -0.461786
2.142777, -0.462815
2.144213, -0.463847
2.145651, -0.464881
2.147090, -0.465917
2.148531, -0.466956
2.149974, -0.467997
2.151418, -0.469041
2.152864, -0.470087
2.154312, -0.471136
2.155761, -0.472187
2.157212, -0.473240
2.158665, -0.474296
2.160120, -0.475354
2.161576, -0.476415
2.163033, -0.477478
2.164493, -0.478543
2.165954, -0.479611
2.167416, -0.480681
2.168881, -0.481754
2.170347, -0.482829
2.171814, -0.483907
2.173284, -0.484987
2.174755, -0.486070
2.176228, -0.487155
2.177702, -0.488242
2.179178, -0.489331
2.180655, -0.490424
2.182134, -0.491518
2.183615, -0.492615
2.185097, -0.493715
2.186582, -0.494817
2.188067, -0.495921
2.189555, -0.497028
2.191044, -0.498137
2.192535, -0.499249
2.194027, -0.500363
2.195521, -0.501480
2.197016, -0.502599
2.198514, -0.503720
2.200013, -0.504844
2.201513, -0.505970
2.203015, -0.507099
2.204519, -0.508231
2.206024, -0.509364
2.207531, -0.510500
2.209040, -0.511639
2.210551, -0.512780
2.212062, -0.513924
2.213576, -0.515070
2.215091, -0.516218
2.216608, -0.517369
2.218126, -0.518523
2.219646, -0.519678
2.221168, -0.520837
2.222691, -0.521997
2.224216, -0.523161
2.225742, -0.524326
2.227270, -0.525494
2.228800, -0.526665
2.230331, -0.527838
2.231864, -0.529013
2.233399, -0.530191
2.234935, -0.531372
2.236472, -0.532554
2.238012, -0.533740
2.239552, -0.534927
2.241095, -0.536118
2.242639, -0.537310
2.244185, -0.538505
2.245732, -0.539703
2.247281, -0.540903
2.248831, -0.542106
2.250383, -0.543310
2.251937, -0.544518
2.253492, -0.545728
2.255049, -0.546940
2.256607, -0.548155
2.258167, -0.549372
2.259728, -0.550591
2.261291, -0.551813
2.262856, -0.553038
2.264422, -0.554265
2.265989, -0.555494
2.267559, -0.556726
2.269129, -0.557960
2.270702, -0.559197
2.272275, -0.560436
2.273851, -0.561678
2.275428, -0.562922
2.277006, -0.564168
2.278586, -0.565417
2.280168, -0.566668
2.281751, -0.567922
2.283335, -0.569178
2.284922, -0.570436
2.286509, -0.571697
2.288098, -0.572960
2.289689, -0.574226
2.291281, -0.575494
2.292875, -0.576765
2.294470, -0.578038
2.296067, -0.579313
2.297665, -0.580591
2.299265, -0.581872
2.300866, -0.583154
2.302469, -0.584439
2.304073, -0.585726
2.305679, -0.587016
2.307286, -0.588308
2.308895, -0.589603
2.310505, -0.590900
2.312117, -0.592199
2.313730, -0.593501
2.315345, -0.594805
2.316961, -0.596111
2.318578, -0.597420
2.320197, -0.598731
2.321817, -0.600045
2.323439, -0.601360
2.325063, -0.602679
2.326688, -0.603999
2.328314, -0.605322
2.329942, -0.606647
2.331571, -0.607975
2.333201, -0.609305
2.334833, -0.610637
2.336467, -0.611972
2.338101, -0.613309
2.339738, -0.614648
2.341375, -0.615989
2.343014, -0.617333
2.344655, -0.618679
2.346297, -0.620028
2.347940, -0.621378
2.349585, -0.622731
2.351231, -0.624087
2.352878, -0.625444
2.354527, -0.626804
2.356177, -0.628166
2.357829, -0.629531
2.359482, -0.630897
2.361136, -0.632266
2.362792, -0.633637
2.364449, -0.635011
2.366107, -0.636386
2.367767, -0.637764
2.369428, -0.639144
2.371090, -0.640527
2.372754, -0.641911
2.374419, -0.643298
2.376085, -0.644687
2.377753, -0.646078
2.379422, -0.647471
2.381092, -0.648867
2.382764, -0.650264
2.384437, -0.651664
2.386111, -0.653066
2.387787, -0.654471
2.389463, -0.655877
2.391141, -0.657286
2.392821, -0.658696
2.394501, -0.660109
2.396183, -0.661524
2.397866, -0.662941
2.399551, -0.664360
2.401237, -0.665781
2.402924, -0.667205
2.404612, -0.668631
2.406301, -0.670058
2.407992, -0.671488
2.409684, -0.672920
2.411377, -0.674353
2.413071, -0.675789
2.414767, -0.677227
2.416464, -0.678667
2.418162, -0.680110
2.419861, -0.681554
2.421561, -0.683000
2.423263, -0.684448
2.424966, -0.685898
2.426670, -0.687350
2.428375, -0.688805
2.430081, -0.690261
2.431788, -0.691719
2.433497, -0.693179
2.435206, -0.694641
2.436917, -0.696105
2.438629, -0.697571
2.440342, -0.699039
2.442057, -0.700508
2.443772, -0.701980
2.445488, -0.703454
2.447206, -0.704929
2.448925, -0.706407
2.450644, -0.707886
2.452365, -0.709367
2.454087, -0.710850
2.455810, -0.712335
2.457534, -0.713821
2.459260, -0.715310
2.460986, -0.716800
2.462713, -0.718293
2.464441, -0.719787
2.466171, -0.721283
2.467901, -0.722780
2.469633, -0.724280
2.471365, -0.725781
2.473099, -0.727284
2.474833, -0.728788
2.476568, -0.730295
2.478305, -0.731803
2.480042, -0.733312
2.481781, -0.734824
2.483520, -0.736337
2.485261, -0.737852
2.487002, -0.739369
2.488744, -0.740887
2.490488, -0.742407
2.492232, -0.743929
2.493977, -0.745452
2.495723, -0.746977
2.497470, -0.748503
2.499218, -0.750031
2.500967, -0.751561
2.502717, -0.753092
2.504467, -0.754625
2.506219, -0.756159
2.507971, -0.757695
2.509725, -0.759232
2.511479, -0.760771
2.513234, -0.762311
2.514990, -0.763853
2.516746, -0.765397
2.518504, -0.766941
2.520262, -0.768488
2.522022, -0.770036
2.523782, -0.771585
2.525542, -0.773135
2.527304, -0.774687
2.529066, -0.776241
2.530829, -0.777795
2.532593, -0.779351
2.534358, -0.780909
2.536124, -0.782468
2.537890, -0.784028
2.539657, -0.785589
2.541425, -0.787152
2.543193, -0.788716
2.544962, -0.790282
2.546732, -0.791848
2.548503, -0.793416
2.550275, -0.794986
2.552047, -0.796556
2.553819, -0.798127
2.555593, -0.799700
2.557367, -0.801274
2.559141, -0.802849
2.560917, -0.804425
2.562693, -0.806003
2.564469, -0.807581
2.566247, -0.809161
2.568025, -0.810742
2.569803, -0.812324
2.571582, -0.813907
2.573362, -0.815491
2.575142, -0.817076
2.576923, -0.818662
2.578705, -0.820249
2.580487, -0.821837
2.582269, -0.823426
2.584053, -0.825016
2.585836, -0.826607
2.587620, -0.828199
2.589405, -0.829792
2.591191, -0.831386
2.592976, -0.832980
2.594763, -0.834576
2.596549, -0.836172
2.598336, -0.837770
2.600124, -0.839368
2.601912, -0.840967
2.603701, -0.842566
2.605490, -0.844167
2.607280, -0.845768
2.609069, -0.847370
2.610860, -0.848973
2.612650, -0.850577
2.614442, -0.852181
2.616233, -0.853786
2.618025, -0.855392
2.619817, -0.856998
2.621610, -0.858605
2.623403, -0.860213
2.625196, -0.861821
2.626990, -0.863430
2.628784, -0.865039
2.630578, -0.866649
2.632373, -0.868259
2.634168, -0.869871
2.635963, -0.871482
2.637759, -0.873094
2.639555, -0.874707
2.641351, -0.876320
2.643147, -0.877933
2.644943, -0.879547
2.646740, -0.881162
2.648537, -0.882776
2.650334, -0.884391
2.652132, -0.886007
2.653929, -0.887623
2.655727, -0.889239
2.657525, -0.890856
2.659323, -0.892473
2.661122, -0.894090
2.662920, -0.895707
2.664719, -0.897325
2.666518, -0.898943
2.668317, -0.900561
2.670116, -0.902179
2.671915, -0.903798
2.673714, -0.905417
2.675514, -0.907036
2.677313, -0.908655
2.679113, -0.910274
2.680912, -0.911893
2.682712, -0.913512
2.684511, -0.915132
2.686311, -0.916751
2.688111, -0.918370
2.689910, -0.919990
2.691710, -0.921609
2.693509, -0.923228
2.695309, -0.924848
2.697109, -0.926467
2.698908, -0.928086
2.700708, -0.929705
2.702507, -0.931324
2.704307, -0.932943
2.706106, -0.934562
2.707905, -0.936181
2.709704, -0.937799
2.711504, -0.939417
2.713302, -0.941035
2.715101, -0.942653
2.716900, -0.944271
2.718699, -0.945888
2.720497, -0.947505
2.722295, -0.949122
2.724093, -0.950738
2.725891, -0.952354
2.727689, -0.953970
2.729486, -0.955585
2.731283, -0.957200
2.733080, -0.958814
2.734877, -0.960428
2.736673, -0.962042
2.738470, -0.963655
2.740266, -0.965268
2.742061, -0.966880
2.743857, -0.968491
2.745652, -0.970102
2.747447, -0.971713
2.749241, -0.973323
2.751035, -0.974932
2.752829, -0.976541
2.754622, -0.978149
2.756416, -0.979756
2.758208, -0.981363
2.760001, -0.982969
2.761793, -0.984575
2.763584, -0.986179
2.765375, -0.987783
2.767166, -0.989386
2.768956, -0.990989
2.770746, -0.992590
2.772536, -0.994191
2.774324, -0.995791
2.776113, -0.997390
2.777901, -0.998988
2.779688, -1.000585
2.781475, -1.002182
2.783262, -1.003777
2.785048, -1.005372
2.786833, -1.006966
2.788618, -1.008558
2.790402, -1.010150
2.792186, -1.011741
2.793969, -1.013330
2.795752, -1.014919
2.797534, -1.016506
2.799315, -1.018093
2.801096, -1.019678
2.802876, -1.021262
2.804656, -1.022845
2.806435, -1.024427
2.808213, -1.026008
2.809990, -1.027588
2.811767, -1.029166
2.813544, -1.030743
2.815319, -1.032319
2.817094, -1.033894
2.818868, -1.035467
2.820641, -1.037039
2.822414, -1.038610
2.824186, -1.040179
2.825957, -1.041747
2.827727, -1.043314
2.829497, -1.044879
2.831266, -1.046443
2.833034, -1.048006
2.834801, -1.049567
2.836567, -1.051127
2.838333, -1.052685
2.840097, -1.054242
2.841861, -1.055797
2.843624, -1.057350
2.845386, -1.058902
2.847147, -1.060453
2.848908, -1.062002
2.850667, -1.063549
2.852426, -1.065095
2.854183, -1.066640
2.855940, -1.068182
2.857696, -1.069723
2.859451, -1.071262
2.861204, -1.072800
2.862957, -1.074336
2.864709, -1.075870
2.866460, -1.077402
2.868210, -1.078933
2.869959, -1.080462
2.871707, -1.081989
2.873454, -1.083514
2.875199, -1.085037
2.876944, -1.086559
2.878688, -1.088079
2.880430, -1.089597
2.882172, -1.091113
2.883913, -1.092627
2.885652, -1.094139
2.887390, -1.095649
2.889127, -1.097158
2.890863, -1.098664
2.892598, -1.100169
2.894332, -1.101671
2.896065, -1.103171
2.897796, -1.104670
2.899526, -1.106166
2.901255, -1.107660
2.902983, -1.109153
2.904710, -1.110643
2.906435, -1.112131
2.908159, -1.113617
2.909882, -1.115101
2.911604, -1.116582
2.913325, -1.118062
2.915044, -1.119539
2.916762, -1.121014
2.918478, -1.122487
2.920194, -1.123958
2.921908, -1.125426
2.923621, -1.126893
2.925332, -1.128357
2.927042, -1.129818
2.928751, -1.131278
2.930459, -1.132735
2.932165, -1.134190
2.933869, -1.135642
2.935573, -1.137092
2.937275, -1.138540
2.938975, -1.139985
2.940675, -1.141428
2.942372, -1.142869
2.944069, -1.144307
2.945764, -1.145743
2.947457, -1.147176
2.949149, -1.148607
2.950840, -1.150036
2.952529, -1.151462
2.954216, -1.152885
2.955903, -1.154306
2.957587, -1.155724
2.959270, -1.157140
2.960952, -1.158553
2.962632, -1.159964
2.964311, -1.161373
2.965988, -1.162778
2.967664, -1.164181
2.969337, -1.165582
2.971010, -1.166980
2.972681, -1.168375
2.974350, -1.169767
2.976018, -1.171157
2.977684, -1.172545
2.979348, -1.173929
2.981011, -1.175311
2.982672, -1.176690
2.984332, -1.178067
2.985990, -1.179440
2.987646, -1.180812
2.989301, -1.182180
2.990954, -1.183545
2.992605, -1.184908
2.994255, -1.186268
2.995903, -1.187625
2.997549, -1.188979
2.999194, -1.190331
3.000837, -1.191680
3.002478, -1.193026
3.004117, -1.194369
3.005755, -1.195709
3.007391, -1.197047
3.009025, -1.198381
3.010657, -1.199713
3.012288, -1.201042
3.013917, -1.202367
3.015544, -1.203690
3.017169, -1.205010
3.018792, -1.206327
3.020414, -1.207642
3.022034, -1.208953
3.023652, -1.210261
3.025268, -1.211567
3.026883, -1.212869
3.028495, -1.214168
3.030106, -1.215465
3.031715, -1.216758
3.033322, -1.218048
3.034927, -1.219336
3.036530, -1.220620
3.038131, -1.221901
3.039730, -1.223180
3.041328, -1.224455
3.042923, -1.225727
3.044517, -1.226996
3.046108, -1.228262
3.047698, -1.229525
3.049286, -1.230785
3.050872, -1.232042
3.052456, -1.233295
3.054038, -1.234546
3.055618, -1.235793
3.057196, -1.237038
3.058772, -1.238279
3.060346, -1.239517
3.061918, -1.240752
3.063489, -1.241984
3.065057, -1.243213
3.066623, -1.244438
3.068187, -1.245661
3.069749, -1.246880
3.071309, -1.248096
3.072867, -1.249309
3.074423, -1.250519
3.075977, -1.251725
3.077529, -1.252928
3.079078, -1.254128
3.080626, -1.255325
3.082172, -1.256519
3.083715, -1.257709
3.085257, -1.258896
3.086796, -1.260080
3.088333, -1.261261
3.089868, -1.262439
3.091401, -1.263613
3.092932, -1.264784
3.094461, -1.265952
3.095988, -1.267116
3.097512, -1.268277
3.099034, -1.269435
3.100554, -1.270590
3.102072, -1.271741
3.103588, -1.272889
3.105102, -1.274034
3.106614, -1.275176
3.108123, -1.276314
3.109630, -1.277449
3.111135, -1.278581
3.112638, -1.279709
3.114139, -1.280835
3.115637, -1.281956
3.117134, -1.283075
3.118628, -1.284190
3.120119, -1.285302
3.121609, -1.286411
3.123096, -1.287516
3.124581, -1.288618
3.126064, -1.289716
3.127545, -1.290812
3.129023, -1.291904
3.130499, -1.292992
3.131973, -1.294078
3.133445, -1.295160
3.134914, -1.296238
3.136381, -1.297313
3.137846, -1.298386
3.139308, -1.299454
3.140769, -1.300519
3.142227, -1.301581
3.143682, -1.302640
3.145136, -1.303695
3.146587, -1.304747
3.148035, -1.305796
3.149482, -1.306841
3.150926, -1.307883
3.152368, -1.308921
3.153807, -1.309957
3.155244, -1.310988
3.156679, -1.312017
3.158112, -1.313042
3.159542, -1.314064
3.160969, -1.315082
3.162395, -1.316097
3.163818, -1.317109
3.165239, -1.318117
3.166657, -1.319123
3.168073, -1.320124
3.169487, -1.321123
3.170898, -1.322117
3.172307, -1.323109
3.173713, -1.324097
3.175117, -1.325082
3.176519, -1.326064
3.177918, -1.327042
3.179315, -1.328017
3.180710, -1.328988
3.182102, -1.329957
3.183491, -1.330922
3.184879, -1.331883
3.186264, -1.332841
3.187646, -1.333796
3.189027, -1.334748
3.190404, -1.335696
3.191780, -1.336641
3.193152, -1.337582
3.194523, -1.338521
3.195891, -1.339456
3.197257, -1.340387
3.198620, -1.341316
3.199980, -1.342241
3.201339, -1.343162
3.202695, -1.344081
3.204048, -1.344996
3.205399, -1.345907
3.206748, -1.346816
3.208094, -1.347721
3.209437, -1.348623
3.210778, -1.349521
3.212117, -1.350417
3.213454, -1.351309
3.214787, -1.352197
3.216119, -1.353083
3.217448, -1.353965
3.218774, -1.354844
3.220098, -1.355719
3.221419, -1.356591
3.222738, -1.357460
3.224055, -1.358326
3.225369, -1.359189
3.226680, -1.360048
3.227989, -1.360904
3.229296, -1.361757
3.230600, -1.362606
3.231902, -1.363453
3.233201, -1.364296
3.234497, -1.365135
3.235791, -1.365972
3.237083, -1.366805
3.238372, -1.367635
3.239659, -1.368462
3.240943, -1.369286
3.242224, -1.370106
3.243503, -1.370923
3.244780, -1.371737
3.246054, -1.372548
3.247326, -1.373356
3.248595, -1.374161
3.249861, -1.374962
3.251125, -1.375760
3.252387, -1.376555
3.253646, -1.377347
3.254902, -1.378135
3.256156, -1.378921
3.257408, -1.379703
3.258657, -1.380482
3.259903, -1.381258
3.261147, -1.382032
3.262389, -1.382801
3.263628, -1.383568
3.264864, -1.384332
3.266098, -1.385092
3.267329, -1.385849
3.268558, -1.386604
3.269785, -1.387355
3.271008, -1.388103
3.272230, -1.388848
3.273448, -1.389590
3.274665, -1.390329
3.275878, -1.391065
3.277090, -1.391797
3.278298, -1.392527
3.279505, -1.393254
3.280708, -1.393977
3.281909, -1.394698
3.283108, -1.395415
3.284304, -1.396130
3.285497, -1.396841
3.286688, -1.397550
3.287877, -1.398255
3.289063, -1.398958
3.290246, -1.399657
3.291427, -1.400354
3.292606, -1.401048
3.293782, -1.401738
3.294955, -1.402426
3.296126, -1.403110
3.297294, -1.403792
3.298460, -1.404471
3.299623, -1.405147
3.300784, -1.405820
3.301942, -1.406490
3.303097, -1.407157
3.304251, -1.407821
3.305401, -1.408482
3.306550, -1.409140
3.307695, -1.409796
3.308838, -1.410449
3.309979, -1.411098
3.311117, -1.411745
3.312252, -1.412389
3.313385, -1.413030
3.314516, -1.413669
3.315644, -1.414304
3.316769, -1.414937
3.317892, -1.415567
3.319013, -1.416193
3.320131, -1.416818
3.321246, -1.417439
3.322359, -1.418058
3.323469, -1.418673
3.324577, -1.419286
3.325682, -1.419896
3.326785, -1.420504
3.327886, -1.421109
3.328984, -1.421711
3.330079, -1.422310
3.331172, -1.422907
3.332262, -1.423500
3.333350, -1.424091
3.334435, -1.424680
3.335518, -1.425265
3.336598, -1.425848
3.337676, -1.426428
3.338752, -1.427006
3.339825, -1.427581
3.340895, -1.428153
3.341963, -1.428723
3.343029, -1.429290
3.344091, -1.429854
3.345152, -1.430416
3.346210, -1.430975
3.347265, -1.431531
3.348319, -1.432085
3.349369, -1.432636
3.350417, -1.433185
3.351463, -1.433731
3.352506, -1.434274
3.353547, -1.434815
3.354585, -1.435353
3.355621, -1.435889
3.356654, -1.436422
3.357685, -1.436953
3.358713, -1.437481
3.359739, -1.438007
3.360763, -1.438530
3.361784, -1.439050
3.362802, -1.439568
3.363818, -1.440084
3.364832, -1.440597
3.365843, -1.441108
3.366852, -1.441616
3.367858, -1.442122
3.368862, -1.442625
3.369864, -1.443126
3.370862, -1.443624
3.371859, -1.444120
3.372853, -1.444614
3.373845, -1.445105
3.374834, -1.445594
3.375821, -1.446080
3.376806, -1.446564
3.377788, -1.447046
3.378767, -1.447525
3.379745, -1.448002
3.380719, -1.448477
3.381692, -1.448949
3.382662, -1.449419
3.383629, -1.449886
3.384594, -1.450351
3.385557, -1.450814
3.386518, -1.451275
3.387475, -1.451733
3.388431, -1.452189
3.389384, -1.452643
3.390335, -1.453094
3.391284, -1.453543
3.392230, -1.453990
3.393173, -1.454435
3.394114, -1.454877
3.395053, -1.455318
3.395990, -1.455756
3.396924, -1.456192
3.397856, -1.456625
3.398785, -1.457057
3.399713, -1.457486
3.400637, -1.457913
3.401560, -1.458338
3.402480, -1.458760
3.403398, -1.459181
3.404313, -1.459599
3.405226, -1.460016
3.406137, -1.460430
3.407045, -1.460842
3.407951, -1.461252
3.408855, -1.461660
3.409756, -1.462065
3.410655, -1.462469
3.411552, -1.462871
3.412446, -1.463270
3.413338, -1.463667
3.414228, -1.464063
3.415116, -1.464456
3.416001, -1.464847
3.416884, -1.465237
3.417764, -1.465624
3.418643, -1.466009
3.419518, -1.466392
3.420392, -1.466773
3.421264, -1.467152
3.422133, -1.467530
3.423000, -1.467905
3.423864, -1.468278
3.424726, -1.468649
3.425586, -1.469019
3.426444, -1.469386
3.427300, -1.469752
3.428153, -1.470115
3.429004, -1.470477
3.429853, -1.470836
3.430699, -1.471194
3.431543, -1.471550
3.432385, -1.471904
3.433225, -1.472256
3.434063, -1.472606
3.434898, -1.472955
3.435731, -1.473301
3.436562, -1.473646
3.437390, -1.473989
3.438217, -1.474330
3.439041, -1.474669
3.439863, -1.475006
3.440683, -1.475342
3.441500, -1.475676
3.442316, -1.476008
3.443129, -1.476338
3.443940, -1.476666
3.444748, -1.476993
3.445555, -1.477318
3.446359, -1.477641
3.447162, -1.477962
3.447962, -1.478282
3.448760, -1.478599
3.449555, -1.478916
3.450349, -1.479230
3.451140, -1.479543
3.451929, -1.479854
3.452716, -1.480163
3.453501, -1.480470
3.454284, -1.480776
3.455064, -1.481081
3.455843, -1.481383
3.456619, -1.481684
3.457393, -1.481983
3.458165, -1.482281
3.458935, -1.482577
3.459703, -1.482871
3.460469, -1.483164
3.461232, -1.483455
3.461994, -1.483745
3.462753, -1.484033
3.463510, -1.484319
3.464265, -1.484604
3.465019, -1.484887
3.465770, -1.485168
3.466518, -1.485448
3.467265, -1.485727
3.468010, -1.486004
3.468753, -1.486279
3.469493, -1.486553
3.470232, -1.486825
3.470968, -1.487096
3.471703, -1.487366
3.472435, -1.487633
3.473165, -1.487900
3.473893, -1.488164
3.474620, -1.488428
3.475344, -1.488689
3.476066, -1.488950
3.476786, -1.489209
3.477504, -1.489466
3.478220, -1.489722
3.478934, -1.489977
3.479646, -1.490230
3.480356, -1.490481
3.481064, -1.490732
3.481770, -1.490981
3.482474, -1.491228
3.483176, -1.491474
3.483876, -1.491719
3.484574, -1.491962
3.485270, -1.492204
3.485964, -1.492444
3.486655, -1.492683
3.487345, -1.492921
3.488034, -1.493157
3.488720, -1.493392
3.489404, -1.493626
3.490086, -1.493858
3.490766, -1.494089
3.491444, -1.494319
3.492121, -1.494547
3.492795, -1.494774
3.493468, -1.495000
3.494138, -1.495225
3.494807, -1.495448
3.495473, -1.495670
3.496138, -1.495890
3.496801, -1.496110
3.497462, -1.496328
3.498121, -1.496544
3.498778, -1.496760
3.499433, -1.496974
3.500086, -1.497187
3.500737, -1.497399
3.501387, -1.497610
3.502034, -1.497819
3.502680, -1.498027
3.503324, -1.498234
3.503966, -1.498440
3.504606, -1.498645
3.505244, -1.498848
3.505881, -1.499050
3.506515, -1.499251
3.507148, -1.499451
3.507778, -1.499650
3.508407, -1.499847
3.509034, -1.500044
3.509660, -1.500239
3.510283, -1.500433
3.510905, -1.500626
3.511524, -1.500817
3.512142, -1.501008
3.512758, -1.501198
3.513373, -1.501386
3.513985, -1.501573
3.514596, -1.501759
3.515205, -1.501945
3.515812, -1.502129
3.516417, -1.502312
3.517021, -1.502493
3.517622, -1.502674
3.518222, -1.502854
3.518821, -1.503032
3.519417, -1.503210
3.520011, -1.503386
3.520604, -1.503562
3.521195, -1.503736
3.521785, -1.503910
3.522372, -1.504082
3.522958, -1.504254
3.523542, -1.504424
3.524125, -1.504593
3.524705, -1.504761
3.525284, -1.504929
3.525861, -1.505095
3.526437, -1.505260
3.527010, -1.505425
3.527582, -1.505588
3.528152, -1.505750
3.528721, -1.505912
3.529288, -1.506072
3.529853, -1.506232
3.530416, -1.506390
3.530978, -1.506548
3.531538, -1.506704
3.532097, -1.506860
3.532653, -1.507015
3.533208, -1.507168
3.533762, -1.507321
3.534313, -1.507473
3.534863, -1.507624
3.535412, -1.507774
3.535959, -1.507924
3.536504, -1.508072
3.537047, -1.508219
3.537589, -1.508366
3.538129, -1.508511
3.538667, -1.508656
3.539204, -1.508800
3.539739, -1.508943
3.540273, -1.509085
3.540805, -1.509226
3.541335, -1.509367
3.541864, -1.509506
3.542391, -1.509645
3.542916, -1.509783
3.543440, -1.509920
3.543962, -1.510056
3.544483, -1.510192
3.545002, -1.510326
3.545520, -1.510460
3.546036, -1.510593
3.546550, -1.510725
3.547063, -1.510856
3.547574, -1.510986
3.548084, -1.511116
3.548592, -1.511245
3.549098, -1.511373
3.549603, -1.511500
3.550107, -1.511627
3.550609, -1.511753
3.551109, -1.511878
3.551608, -1.512002
3.552105, -1.512125
3.552601, -1.512248
3.553095, -1.512370
3.553588, -1.512491
3.554079, -1.512612
3.554569, -1.512731
3.555057, -1.512850
3.555543, -1.512968
3.556028, -1.513086
3.556512, -1.513203
3.556994, -1.513319
3.557475, -1.513434
3.557954, -1.513549
3.558431, -1.513662
3.558908, -1.513776
3.559382, -1.513888
3.559855, -1.514000
3.560327, -1.514111
3.560797, -1.514221
3.561266, -1.514331
3.561733, -1.514440
3.562199, -1.514549
3.562664, -1.514656
3.563127, -1.514763
3.563588, -1.514870
3.564049, -1.514975
3.564507, -1.515080
3.564965, -1.515185
3.565420, -1.515288
3.565875, -1.515391
3.566328, -1.515494
3.566779, -1.515596
3.567230, -1.515697
3.567678, -1.515797
3.568125, -1.515897
3.568571, -1.515996
3.569016, -1.516095
3.569459, -1.516193
3.569901, -1.516291
3.570341, -1.516387
3.570780, -1.516484
3.571218, -1.516579
3.571654, -1.516674
3.572089, -1.516769
3.572522, -1.516862
3.572954, -1.516956
3.573385, -1.517048
3.573814, -1.517140
3.574242, -1.517232
3.574669, -1.517323
3.575094, -1.517413
3.575518, -1.517503
3.575941, -1.517592
3.576362, -1.517681
3.576782, -1.517769
3.577201, -1.517856
3.577618, -1.517943
3.578034, -1.518029
3.578449, -1.518115
3.578862, -1.518201
3.579274, -1.518285
3.579685, -1.518370
3.580095, -1.518453
3.580503, -1.518536
3.580910, -1.518619
3.581315, -1.518701
3.581720, -1.518783
3.582123, -1.518864
3.582524, -1.518944
3.582925, -1.519024
3.583324, -1.519104
3.583722, -1.519183
3.584119, -1.519262
3.584514, -1.519340
3.584908, -1.519417
3.585301, -1.519494
3.585692, -1.519571
3.586083, -1.519647
3.586472, -1.519722
3.586860, -1.519797
3.587246, -1.519872
3.587632, -1.519946
3.588016, -1.520020
3.588399, -1.520093
3.588780, -1.520166
3.589161, -1.520238
3.589540, -1.520310
3.589918, -1.520381
3.590295, -1.520452
3.590671, -1.520522
3.591045, -1.520592
3.591418, -1.520662
3.591790, -1.520731
3.592161, -1.520800
3.592530, -1.520868
3.592899, -1.520936
3.593266, -1.521003
3.593632, -1.521070
3.593997, -1.521136
3.594360, -1.521202
3.594723, -1.521268
3.595084, -1.521333
3.595445, -1.521398
3.595804, -1.521462
3.596162, -1.521526
3.596518, -1.521590
3.596874, -1.521653
3.597228, -1.521716
3.597582, -1.521778
3.597934, -1.521840
3.598285, -1.521901
3.598634, -1.521962
3.598983, -1.522023
3.599331, -1.522083
3.599677, -1.522143
3.600023, -1.522203
3.600367, -1.522262
3.600710, -1.522321
3.601052, -1.522379
3.601393, -1.522437
3.601733, -1.522495
3.602072, -1.522552
3.602409, -1.522609
3.602746, -1.522666
3.603081, -1.522722
3.603415, -1.522777
3.603749, -1.522833
3.604081, -1.522888
3.604412, -1.522943
3.604742, -1.522997
3.605071, -1.523051
3.605399, -1.523105
3.605726, -1.523158
3.606051, -1.523211
3.606376, -1.523264
3.606700, -1.523316
3.607022, -1.523368
3.607344, -1.523419
3.607664, -1.523471
3.607984, -1.523522
3.608302, -1.523572
3.608619, -1.523623
3.608936, -1.523672
3.609251, -1.523722
3.609565, -1.523771
3.609878, -1.523820
3.610190, -1.523869
3.610502, -1.523917
3.610812, -1.523965
3.611121, -1.524013
3.611429, -1.524060
3.611736, -1.524107
3.612042, -1.524154
3.612347, -1.524201
3.612651, -1.524247
3.612954, -1.524293
3.613256, -1.524338
3.613557, -1.524383
3.613858, -1.524428
3.614157, -1.524473
3.614455, -1.524517
3.614752, -1.524561
3.615048, -1.524605
3.615343, -1.524649
3.615637, -1.524692
3.615931, -1.524735
3.616223, -1.524777
3.616514, -1.524820
3.616805, -1.524862
3.617094, -1.524904
3.617383, -1.524945
3.617670, -1.524987
3.617957, -1.525028
3.618242, -1.525068
3.618527, -1.525109
3.618811, -1.525149
3.619093, -1.525189
3.619375, -1.525229
3.619656, -1.525268
3.619936, -1.525307
3.620215, -1.525346
3.620493, -1.525384
3.620771, -1.525423
3.621047, -1.525461
3.621322, -1.525499
3.621597, -1.525537
3.621871, -1.525574
3.622143, -1.525611
3.622415, -1.525648
3.622686, -1.525684
3.622956, -1.525721
3.623225, -1.525757
3.623493, -1.525793
3.623760, -1.525828
3.624027, -1.525864
3.624292, -1.525899
3.624557, -1.525934
3.624821, -1.525969
3.625084, -1.526003
3.625346, -1.526038
3.625607, -1.526072
3.625867, -1.526106
3.626127, -1.526139
3.626385, -1.526173
3.626643, -1.526206
3.626899, -1.526239
3.627156, -1.526271
3.627411, -1.526304
3.627665, -1.526336
3.627918, -1.526368
3.628171, -1.526400
3.628423, -1.526432
3.628674, -1.526463
3.628924, -1.526494
3.629173, -1.526525
3.629421, -1.526556
3.629669, -1.526587
3.629915, -1.526617
3.630162, -1.526647
3.630407, -1.526677
3.630651, -1.526707
3.630894, -1.526737
3.631137, -1.526766
3.631379, -1.526795
3.631620, -1.526824
3.631860, -1.526853
3.632100, -1.526882
3.632338, -1.526910
3.632576, -1.526938
3.632813, -1.526966
3.633049, -1.526994
3.633285, -1.527022
3.633520, -1.527049
3.633754, -1.527077
3.633987, -1.527104
3.634219, -1.527131
3.634450, -1.527158
3.634681, -1.527184
3.634911, -1.527210
3.635140, -1.527237
3.635369, -1.527263
3.635597, -1.527289
3.635823, -1.527314
3.636050, -1.527340
3.636275, -1.527365
3.636500, -1.527390
3.636724, -1.527415
3.636947, -1.527440
3.637169, -1.527465
3.637391, -1.527490
3.637612, -1.527514
3.637832, -1.527538
3.638051, -1.527562
3.638270, -1.527586
3.638488, -1.527610
3.638705, -1.527633
3.638921, -1.527657
3.639137, -1.527680
3.639352, -1.527703
3.639567, -1.527726
3.639780, -1.527749
3.639993, -1.527771
3.640205, -1.527794
3.640417, -1.527816
3.640628, -1.527838
3.640838, -1.527860
3.641047, -1.527882
3.641256, -1.527904
3.641464, -1.527925
3.641671, -1.527947
3.641877, -1.527968
3.642083, -1.527989
3.642288, -1.528010
3.642492, -1.528031
3.642696, -1.528052
3.642899, -1.528072
3.643102, -1.528093
3.643303, -1.528113
3.643504, -1.528133
3.643705, -1.528153
3.643904, -1.528173
3.644103, -1.528193
3.644302, -1.528213
3.644499, -1.528232
3.644696, -1.528252
3.644892, -1.528271
3.645088, -1.528290
3.645283, -1.528309
3.645477, -1.528328
3.645671, -1.528346
3.645864, -1.528365
3.646056, -1.528383
3.646248, -1.528402
3.646439, -1.528420
3.646629, -1.528438
3.646819, -1.528456
3.647008, -1.528474
3.647197, -1.528492
3.647384, -1.528509
3.647572, -1.528527
3.647758, -1.528544
3.647944, -1.528561
3.648129, -1.528578
3.648314, -1.528595
3.648498, -1.528612
3.648681, -1.528629
3.648864, -1.528646
3.649046, -1.528662
3.649228, -1.528679
3.649409, -1.528695
3.649589, -1.528711
3.649769, -1.528728
3.649948, -1.528744
3.650126, -1.528759
3.650304, -1.528775
3.650481, -1.528791
3.650658, -1.528806
3.650834, -1.528822
3.651009, -1.528837
3.651184, -1.528853
3.651358, -1.528868
3.651532, -1.528883
3.651705, -1.528898
3.651878, -1.528913
3.652050, -1.528927
3.652221, -1.528942
3.652392, -1.528957
3.652562, -1.528971
3.652731, -1.528985
3.652900, -1.529000
3.653069, -1.529014
3.653237, -1.529028
3.653404, -1.529042
3.653571, -1.529056
3.653737, -1.529069
3.653902, -1.529083
3.654067, -1.529097
3.654232, -1.529110
3.654396, -1.529124
3.654559, -1.529137
3.654722, -1.529150
3.654884, -1.529163
3.655046, -1.529176
3.655207, -1.529189
3.655367, -1.529202
3.655527, -1.529215
3.655687, -1.529228
3.655846, -1.529240
3.656004, -1.529253
3.656162, -1.529265
3.656319, -1.529278
3.656476, -1.529290
3.656632, -1.529302
3.656788, -1.529314
3.656943, -1.529326
3.657098, -1.529338
3.657252, -1.529350
3.657405, -1.529362
3.657558, -1.529373
3.657711, -1.529385
3.657863, -1.529397
3.658014, -1.529408
3.658165, -1.529419
3.658316, -1.529431
3.658466, -1.529442
3.658615, -1.529453
3.658764, -1.529464
3.658912, -1.529475
3.659060, -1.529486
3.659208, -1.529497
3.659354, -1.529508
3.659501, -1.529518
3.659647, -1.529529
3.659792, -1.529539
3.659937, -1.529550
3.660082, -1.529560
3.660225, -1.529571
3.660369, -1.529581
3.660511, -1.529591
3.660654, -1.529601
3.660796, -1.529611
3.660937, -1.529621
3.661078, -1.529631
3.661218, -1.529641
3.661358, -1.529651
3.661498, -1.529660
3.661637, -1.529670
3.661775, -1.529680
3.661913, -1.529689
3.662051, -1.529699
3.662188, -1.529708
3.662325, -1.529717
3.662461, -1.529727
3.662596, -1.529736
3.662732, -1.529745
3.662866, -1.529754
3.663001, -1.529763
3.663134, -1.529772
3.663268, -1.529781
3.663401, -1.529790
3.663533, -1.529798
3.663665, -1.529807
3.663797, -1.529816
3.663928, -1.529824
3.664059, -1.529833
3.664189, -1.529841
3.664319, -1.529850
3.664448, -1.529858
3.664577, -1.529866
3.664705, -1.529875
3.664833, -1.529883
3.664961, -1.529891
3.665088, -1.529899
3.665214, -1.529907
3.665340, -1.529915
3.665466, -1.529923
3.665592, -1.529931
3.665717, -1.529938
3.665841, -1.529946
3.665965, -1.529954
3.666089, -1.529961
3.666212, -1.529969
3.666335, -1.529977
3.666457, -1.529984
3.666579, -1.529992
3.666701, -1.529999
3.666822, -1.530006
3.666942, -1.530013
3.667063, -1.530021
3.667182, -1.530028
3.667302, -1.530035
3.667421, -1.530042
3.667539, -1.530049
3.667658, -1.530056
3.667775, -1.530063
3.667893, -1.530070
3.668010, -1.530077
3.668126, -1.530083
3.668242, -1.530090
3.668358, -1.530097
3.668474, -1.530103
3.668589, -1.530110
3.668703, -1.530117
3.668818, -1.530123
3.668931, -1.530130
3.669045, -1.530136
3.669158, -1.530142
3.669270, -1.530149
3.669383, -1.530155
3.669494, -1.530161
3.669606, -1.530167
3.669717, -1.530174
3.669827, -1.530180
3.669938, -1.530186
3.670048, -1.530192
3.670157, -1.530198
3.670266, -1.530204
3.670375, -1.530210
3.670484, -1.530216
3.670592, -1.530221
3.670699, -1.530227
3.670806, -1.530233
3.670913, -1.530239
3.671020, -1.530244
3.671126, -1.530250
3.671232, -1.530255
3.671337, -1.530261
3.671442, -1.530267
3.671547, -1.530272
3.671651, -1.530277
3.671755, -1.530283
3.671859, -1.530288
3.671962, -1.530293
3.672065, -1.530299
3.672168, -1.530304
3.672270, -1.530309
3.672372, -1.530314
3.672473, -1.530320
3.672575, -1.530325
3.672675, -1.530330
3.672776, -1.530335
3.672876, -1.530340
3.672976, -1.530345
3.673075, -1.530350
3.673174, -1.530354
3.673273, -1.530359
3.673371, -1.530364
3.673469, -1.530369
3.673567, -1.530374
3.673664, -1.530378
3.673761, -1.530383
3.673857, -1.530388
3.673954, -1.530393
3.674050, -1.530397
3.674145, -1.530402
3.674241, -1.530406
3.674336, -1.530411
3.674430, -1.530415
3.674525, -1.530420
3.674619, -1.530424
3.674712, -1.530428
3.674806, -1.530433
3.674899, -1.530437
3.674992, -1.530441
3.675084, -1.530446
3.675176, -1.530450
3.675268, -1.530454
3.675359, -1.530458
3.675450, -1.530462
3.675541, -1.530466
3.675631, -1.530470
3.675721, -1.530475
3.675811, -1.530479
3.675901, -1.530483
3.675990, -1.530487
3.676079, -1.530491
3.676167, -1.530494
3.676256, -1.530498
3.676344, -1.530502
3.676431, -1.530506
3.676519, -1.530510
3.676606, -1.530514
3.676692, -1.530517
3.676779, -1.530521
3.676865, -1.530525
3.676951, -1.530529
3.677037, -1.530532
3.677122, -1.530536
3.677207, -1.530539
3.677291, -1.530543
3.677376, -1.530546
3.677460, -1.530550
3.677544, -1.530554
3.677627, -1.530557
3.677710, -1.530560
3.677793, -1.530564
3.677876, -1.530567
3.677958, -1.530571
3.678040, -1.530574
3.678122, -1.530577
3.678204, -1.530581
3.678285, -1.530584
3.678366, -1.530587
3.678446, -1.530591
3.678527, -1.530594
3.678607, -1.530597
3.678687, -1.530600
3.678766, -1.530603
3.678845, -1.530606
3.678924, -1.530609
3.679003, -1.530613
3.679081, -1.530616
3.679159, -1.530619
3.679237, -1.530622
3.679315, -1.530625
3.679392, -1.530628
3.679469, -1.530631
3.679546, -1.530634
3.679622, -1.530637
3.679699, -1.530639
3.679775, -1.530642
3.679851, -1.530645
3.679926, -1.530648
3.680001, -1.530651
3.680076, -1.530654
3.680151, -1.530656
3.680225, -1.530659
3.680299, -1.530662
3.680373, -1.530665
3.680447, -1.530667
3.680520, -1.530670
3.680593, -1.530673
3.680666, -1.530675
3.680739, -1.530678
3.680811, -1.530681
3.680883, -1.530683
3.680955, -1.530686
3.681026, -1.530688
3.681098, -1.530691
3.681169, -1.530693
3.681240, -1.530696
3.681310, -1.530698
3.681381, -1.530701
3.681451, -1.530703
3.681520, -1.530706
3.681590, -1.530708
3.681659, -1.530711
3.681729, -1.530713
3.681798, -1.530715
3.681866, -1.530718
3.681935, -1.530720
3.682003, -1.530722
3.682071, -1.530725
3.682138, -1.530727
3.682206, -1.530729
3.682273, -1.530731
3.682340, -1.530734
3.682407, -1.530736
3.682473, -1.530738
3.682540, -1.530740
3.682606, -1.530743
3.682672, -1.530745
3.682737, -1.530747
3.682802, -1.530749
3.682868, -1.530751
3.682932, -1.530753
3.682997, -1.530755
3.683061, -1.530757
3.683125, -1.530759
3.683189, -1.530761
3.683253, -1.530763
3.683317, -1.530766
3.683380, -1.530768
3.683443, -1.530769
3.683506, -1.530771
3.683569, -1.530773
3.683631, -1.530775
3.683694, -1.530777
3.683756, -1.530779
3.683817, -1.530781
3.683879, -1.530783
3.683940, -1.530785
3.684001, -1.530787
3.684062, -1.530789
3.684123, -1.530790
3.684184, -1.530792
3.684244, -1.530794
3.684304, -1.530796
3.684364, -1.530798
3.684423, -1.530799
3.684483, -1.530801
3.684542, -1.530803
3.684601, -1.530805
3.684660, -1.530806
3.684719, -1.530808
3.684777, -1.530810
3.684835, -1.530812
3.684893, -1.530813
3.684951, -1.530815
3.685009, -1.530817
3.685066, -1.530818
3.685123, -1.530820
3.685180, -1.530821
3.685237, -1.530823
3.685293, -1.530825
3.685350, -1.530826
3.685406, -1.530828
3.685462, -1.530829
3.685518, -1.530831
3.685574, -1.530832
3.685629, -1.530834
3.685684, -1.530836
3.685739, -1.530837
3.685794, -1.530838
3.685849, -1.530840
3.685903, -1.530841
3.685957, -1.530843
3.686012, -1.530844
3.686065, -1.530846
3.686119, -1.530847
3.686172, -1.530849
3.686226, -1.530850
3.686279, -1.530852
3.686332, -1.530853
3.686385, -1.530854
3.686437, -1.530856
3.686490, -1.530857
3.686542, -1.530859
3.686594, -1.530860
3.686646, -1.530861
3.686697, -1.530863
3.686749, -1.530864
3.686800, -1.530865
3.686851, -1.530867
3.686902, -1.530868
3.686953, -1.530869
3.687004, -1.530870
3.687054, -1.530872
3.687104, -1.530873
3.687154, -1.530874
3.687204, -1.530875
3.687254, -1.530877
3.687303, -1.530878
3.687353, -1.530879
3.687402, -1.530880
3.687451, -1.530881
3.687500, -1.530883
3.687548, -1.530884
3.687597, -1.530885
3.687645, -1.530886
3.687693, -1.530887
3.687741, -1.530888
3.687789, -1.530890
3.687837, -1.530891
3.687884, -1.530892
3.687932, -1.530893
3.687979, -1.530894
3.688026, -1.530895
3.688072, -1.530896
3.688119, -1.530897
3.688166, -1.530898
3.688212, -1.530900
3.688258, -1.530901
3.688304, -1.530902
3.688350, -1.530903
3.688396, -1.530904
3.688441, -1.530905
3.688487, -1.530906
3.688532, -1.530907
3.688577, -1.530908
3.688622, -1.530909
3.688667, -1.530910
3.688711, -1.530911
3.688756, -1.530912
3.688800, -1.530913
3.688844, -1.530914
3.688888, -1.530915
3.688932, -1.530916
3.688975, -1.530917
3.689019, -1.530918
3.689062, -1.530918
3.689105, -1.530919
3.689148, -1.530920
3.689191, -1.530921
3.689234, -1.530922
3.689276, -1.530923
3.689319, -1.530924
3.689361, -1.530925
3.689403, -1.530926
3.689445, -1.530927
3.689487, -1.530927
3.689528, -1.530928
3.689570, -1.530929
3.689611, -1.530930
3.689653, -1.530931
3.689694, -1.530932
3.689735, -1.530933
3.689775, -1.530933
3.689816, -1.530934
3.689857, -1.530935
3.689897, -1.530936
3.689937, -1.530937
3.689977, -1.530937
3.690017, -1.530938
3.690057, -1.530939
3.690097, -1.530940
3.690136, -1.530941
3.690176, -1.530941
3.690215, -1.530942
3.690254, -1.530943
3.690293, -1.530944
3.690332, -1.530944
3.690371, -1.530945
3.690409, -1.530946
3.690448, -1.530947
3.690486, -1.530947
3.690524, -1.530948
3.690562, -1.530949
3.690600, -1.530950
3.690638, -1.530950
3.690675, -1.530951
3.690713, -1.530952
3.690750, -1.530952
3.690787, -1.530953
3.690825, -1.530954
3.690861, -1.530954
3.690898, -1.530955
3.690935, -1.530956
3.690971, -1.530957
3.691008, -1.530957
3.691044, -1.530958
3.691080, -1.530958
3.691116, -1.530959
3.691152, -1.530960
3.691188, -1.530960
3.691224, -1.530961
3.691259, -1.530962
3.691295, -1.530962
3.691330, -1.530963
3.691365, -1.530963
3.691401, -1.530964
3.691435, -1.530965
3.691470, -1.530965
3.691505, -1.530966
3.691539, -1.530967
3.691574, -1.530967
3.691608, -1.530968
3.691642, -1.530968
3.691676, -1.530969
3.691710, -1.530970
3.691744, -1.530970
3.691777, -1.530971
3.691811, -1.530971
3.691844, -1.530972
3.691878, -1.530972
3.691911, -1.530973
3.691944, -1.530973
3.691977, -1.530974
3.692010, -1.530975
3.692043, -1.530975
3.692075, -1.530976
3.692108, -1.530976
3.692140, -1.530977
3.692173, -1.530977
3.692205, -1.530978
3.692237, -1.530978
3.692269, -1.530979
3.692301, -1.530979
3.692333, -1.530980
3.692364, -1.530980
3.692396, -1.530981
3.692427, -1.530981
3.692459, -1.530982
3.692490, -1.530982
3.692521, -1.530983
3.692552, -1.530983
3.692583, -1.530984
3.692613, -1.530984
3.692644, -1.530984
3.692675, -1.530985
3.692705, -1.530985
3.692735, -1.530986
3.692766, -1.530986
3.692796, -1.530987
3.692826, -1.530987
3.692856, -1.530988
3.692885, -1.530988
3.692915, -1.530989
3.692945, -1.530989
3.692974, -1.530989
3.693004, -1.530990
3.693033, -1.530990
3.693062, -1.530991
3.693091, -1.530991
3.693120, -1.530992
3.693149, -1.530992
3.693178, -1.530992
3.693206, -1.530993
3.693235, -1.530993
3.693263, -1.530994
3.693292, -1.530994
3.693320, -1.530994
3.693348, -1.530995
3.693376, -1.530995
3.693404, -1.530995
3.693432, -1.530996
3.693460, -1.530996
3.693487, -1.530997
3.693515, -1.530997
3.693542, -1.530997
3.693570, -1.530998
3.693597, -1.530998
3.693624, -1.530999
3.693651, -1.530999
3.693678, -1.530999
3.693705, -1.531000
3.693732, -1.531000
3.693758, -1.531000
3.693785, -1.531001
3.693812, -1.531001
3.693838, -1.531001
3.693864, -1.531002
3.693891, -1.531002
3.693917, -1.531003
3.693943, -1.531003
3.693969, -1.531003
3.693995, -1.531003
3.694020, -1.531004
3.694046, -1.531004
3.694072, -1.531005
3.694097, -1.531005
3.694123, -1.531005
3.694148, -1.531006
3.694173, -1.531006
3.694198, -1.531006
3.694223, -1.531006
3.694248, -1.531007
3.694273, -1.531007
3.694298, -1.531007
3.694323, -1.531008
3.694347, -1.531008
3.694372, -1.531008
3.694396, -1.531008
3.694420, -1.531009
3.694445, -1.531009
3.694469, -1.531009
3.694493, -1.531010
3.694517, -1.531010
3.694541, -1.531010
3.694565, -1.531011
3.694588, -1.531011
3.694612, -1.531011
3.694636, -1.531011
3.694659, -1.531012
3.694683, -1.531012
3.694706, -1.531012
3.694729, -1.531012
3.694752, -1.531013
3.694776, -1.531013
3.694799, -1.531013
3.694822, -1.531013
3.694844, -1.531014
3.694867, -1.531014
3.694890, -1.531014
3.694912, -1.531015
3.694935, -1.531015
3.694957, -1.531015
3.694980, -1.531015
3.695002, -1.531016
3.695024, -1.531016
3.695046, -1.531016
3.695068, -1.531016
3.695090, -1.531016
3.695112, -1.531017
3.695134, -1.531017
3.695156, -1.531017
3.695177, -1.531017
3.695199, -1.531018
3.695220, -1.531018
3.695242, -1.531018
3.695263, -1.531018
3.695285, -1.531019
3.695306, -1.531019
3.695327, -1.531019
3.695348, -1.531019
3.695369, -1.531020
3.695390, -1.531020
3.695411, -1.531020
3.695431, -1.531020
3.695452, -1.531020
3.695473, -1.531021
3.695493, -1.531021
3.695514, -1.531021
3.695534, -1.531021
3.695554, -1.531021
3.695575, -1.531022
3.695595, -1.531022
3.695615, -1.531022
3.695635, -1.531022
3.695655, -1.531022
3.695675, -1.531023
3.695695, -1.531023
3.695714, -1.531023
3.695734, -1.531023
3.695754, -1.531023
3.695773, -1.531024
3.695793, -1.531024
3.695812, -1.531024
3.695832, -1.531024
3.695851, -1.531024
3.695870, -1.531025
3.695889, -1.531025
3.695908, -1.531025
3.695927, -1.531025
3.695946, -1.531025
3.695965, -1.531025
3.695984, -1.531026
3.696003, -1.531026
3.696021, -1.531026
3.696040, -1.531026
3.696059, -1.531026
3.696077, -1.531026
3.696095, -1.531027
3.696114, -1.531027
3.696132, -1.531027
3.696150, -1.531027
3.696168, -1.531027
3.696186, -1.531027
3.696204, -1.531028
3.696222, -1.531028
3.696240, -1.531028
3.696258, -1.531028
3.696276, -1.531028
3.696294, -1.531028
3.696311, -1.531029
3.696329, -1.531029
3.696346, -1.531029
3.696364, -1.531029
3.696381, -1.531029
3.696398, -1.531029
3.696416, -1.531029
3.696433, -1.531030
3.696450, -1.531030
3.696467, -1.531030
3.696484, -1.531030
3.696501, -1.531030
3.696518, -1.531030
3.696535, -1.531031
3.696552, -1.531031
3.696568, -1.531031
3.696585, -1.531031
3.696602, -1.531031
3.696618, -1.531031
3.696635, -1.531031
3.696651, -1.531031
3.696667, -1.531032
3.696684, -1.531032
3.696700, -1.531032
3.696716, -1.531032
3.696732, -1.531032
3.696748, -1.531032
3.696764, -1.531032
3.696780, -1.531032
3.696796, -1.531033
3.696812, -1.531033
3.696828, -1.531033
3.696844, -1.531033
3.696859, -1.531033
3.696875, -1.531033
3.696891, -1.531033
3.696906, -1.531034
3.696922, -1.531034
3.696937, -1.531034
3.696952, -1.531034
3.696968, -1.531034
3.696983, -1.531034
3.696998, -1.531034
3.697013, -1.531034
3.697028, -1.531034
3.697043, -1.531035
3.697058, -1.531035
3.697073, -1.531035
3.697088, -1.531035
3.697103, -1.531035
3.697118, -1.531035
3.697133, -1.531035
3.697147, -1.531035
3.697162, -1.531035
3.697176, -1.531036
3.697191, -1.531036
3.697206, -1.531036
3.697220, -1.531036
3.697234, -1.531036
3.697248, -1.531036
3.697263, -1.531036
3.697277, -1.531036
3.697291, -1.531036
3.697305, -1.531036
3.697319, -1.531036
3.697333, -1.531037
3.697347, -1.531037
3.697361, -1.531037
3.697375, -1.531037
3.697389, -1.531037
3.697403, -1.531037
3.697417, -1.531037
3.697430, -1.531037
3.697444, -1.531037
3.697457, -1.531037
3.697471, -1.531038
3.697484, -1.531038
3.697498, -1.531038
3.697511, -1.531038
3.697524, -1.531038
3.697538, -1.531038
3.697551, -1.531038
3.697564, -1.531038
3.697577, -1.531038
3.697590, -1.531038
3.697603, -1.531039
3.697616, -1.531039
3.697629, -1.531039
3.697642, -1.531039
3.697655, -1.531039
3.697668, -1.531039
3.697681, -1.531039
3.697693, -1.531039
3.697706, -1.531039
3.697719, -1.531039
3.697731, -1.531039
3.697744, -1.531039
3.697756, -1.531039
3.697769, -1.531039
3.697781, -1.531040
3.697793, -1.531040
3.697806, -1.531040
3.697818, -1.531040
3.697830, -1.531040
3.697843, -1.531040
3.697855, -1.531040
3.697867, -1.531040
3.697879, -1.531040
3.697891, -1.531040
3.697903, -1.531040
3.697915, -1.531040
3.697927, -1.531041
3.697939, -1.531041
3.697951, -1.531041
3.697962, -1.531041
3.697974, -1.531041
3.697986, -1.531041
3.697997, -1.531041
3.698009, -1.531041
3.698020, -1.531041
3.698032, -1.531041
3.698043, -1.531041
3.698055, -1.531041
3.698066, -1.531041
3.698078, -1.531041
3.698089, -1.531041
3.698100, -1.531042
3.698111, -1.531042
3.698123, -1.531042
3.698134, -1.531042
3.698145, -1.531042
3.698156, -1.531042
3.698167, -1.531042
3.698178, -1.531042
3.698189, -1.531042
3.698200, -1.531042
3.698211, -1.531042
3.698221, -1.531042
3.698232, -1.531042
3.698243, -1.531042
3.698254, -1.531042
3.698264, -1.531042
3.698275, -1.531042
3.698286, -1.531042
3.698296, -1.531043
3.698307, -1.531043
3.698317, -1.531043
3.698328, -1.531043
3.698338, -1.531043
3.698349, -1.531043
3.698359, -1.531043
3.698369, -1.531043
3.698380, -1.531043
3.698390, -1.531043
3.698400, -1.531043
3.698410, -1.531043
3.698421, -1.531043
3.698431, -1.531043
3.698441, -1.531043
3.698451, -1.531043
3.698461, -1.531043
3.698471, -1.531043
3.698481, -1.531043
3.698490, -1.531044
3.698500, -1.531044
3.698510, -1.531044
3.698520, -1.531044
3.698529, -1.531044
3.698539, -1.531044
3.698549, -1.531044
3.698559, -1.531044
3.698568, -1.531044
3.698578, -1.531044
3.698587, -1.531044
3.698597, -1.531044
3.698606, -1.531044
3.698616, -1.531044
3.698625, -1.531044
3.698634, -1.531044
3.698644, -1.531044
3.698653, -1.531044
3.698662, -1.531044
3.698672, -1.531044
3.698681, -1.531044
3.698690, -1.531044
3.698699, -1.531044
3.698708, -1.531044
3.698717, -1.531045
3.698726, -1.531045
3.698735, -1.531045
3.698744, -1.531045
3.698753, -1.531045
3.698762, -1.531045
3.698771, -1.531045
3.698780, -1.531045
3.698789, -1.531045
3.698797, -1.531045
3.698806, -1.531045
3.698815, -1.531045
3.698824, -1.531045
3.698833, -1.531045
3.698841, -1.531045
3.698850, -1.531045
3.698858, -1.531045
3.698867, -1.531045
3.698875, -1.531045
3.698884, -1.531045
3.698892, -1.531045
3.698901, -1.531045
3.698909, -1.531045
3.698917, -1.531045
3.698926, -1.531046
3.698934, -1.531046
3.698942, -1.531046
3.698951, -1.531046
3.698959, -1.531046
3.698967, -1.531046
3.698975, -1.531046
3.698983, -1.531046
3.698991, -1.531046
3.698999, -1.531046
3.699008, -1.531046
3.699016, -1.531046
3.699024, -1.531046
3.699032, -1.531046
3.699039, -1.531046
3.699047, -1.531046
3.699055, -1.531046
3.699063, -1.531046
3.699071, -1.531046
3.699079, -1.531046
3.699087, -1.531046
3.699094, -1.531046
3.699102, -1.531046
3.699110, -1.531046
3.699117, -1.531046
3.699125, -1.531046
3.699132, -1.531046
3.699140, -1.531046
3.699148, -1.531046
3.699155, -1.531046
3.699163, -1.531046
3.699170, -1.531047
3.699178, -1.531047
3.699185, -1.531047
3.699192, -1.531047
3.699200, -1.531047
3.699207, -1.531047
3.699214, -1.531047
3.699222, -1.531047
3.699229, -1.531047
3.699236, -1.531047
3.699243, -1.531047
3.699250, -1.531047
3.699258, -1.531047
3.699265, -1.531047
3.699272, -1.531047
3.699279, -1.531047
3.699286, -1.531047
3.699293, -1.531047
3.699300, -1.531047
3.699307, -1.531047
3.699314, -1.531047
3.699321, -1.531047
3.699328, -1.531047
3.699335, -1.531047
3.699342, -1.531047
3.699348, -1.531047
3.699355, -1.531047
3.699362, -1.531047
3.699369, -1.531047
3.699375, -1.531047
3.699382, -1.531047
3.699389, -1.531047
3.699395, -1.531047
3.699402, -1.531047
3.699409, -1.531047
3.699415, -1.531047
3.699422, -1.531047
3.699429, -1.531047
3.699435, -1.531047
3.699441, -1.531047
3.699448, -1.531047
3.699454, -1.531047
3.699461, -1.531047
3.699467, -1.531047
3.699474, -1.531047
3.699480, -1.531047
3.699486, -1.531048
3.699493, -1.531048
3.699499, -1.531048
3.699505, -1.531048
3.699512, -1.531048
3.699518, -1.531048
3.699524, -1.531048
3.699530, -1.531048
3.699536, -1.531048
3.699543, -1.531048
3.699549, -1.531048
3.699555, -1.531048
3.699561, -1.531048
3.699567, -1.531048
3.699573, -1.531048
3.699579, -1.531048
3.699585, -1.531048
3.699591, -1.531048
3.699597, -1.531048
3.699603, -1.531048
3.699609, -1.531048
3.699615, -1.531048
3.699620, -1.531048
3.699626, -1.531048
3.699632, -1.531048
3.699638, -1.531048
3.699644, -1.531048
3.699649, -1.531048
3.699655, -1.531048
3.699661, -1.531048
3.699667, -1.531048
3.699672, -1.531048
3.699678, -1.531048
3.699684, -1.531048
3.699689, -1.531048
3.699695, -1.531048
3.699700, -1.531048
3.699706, -1.531048
3.699711, -1.531048
3.699717, -1.531048
3.699722, -1.531048
3.699728, -1.531048
3.699733, -1.531048
3.699739, -1.531048
3.699744, -1.531048
3.699750, -1.531048
3.699755, -1.531048
3.699761, -1.531048
3.699766, -1.531048
3.699771, -1.531048
3.699776, -1.531048
3.699782, -1.531048
3.699787, -1.531048
3.699792, -1.531048
3.699797, -1.531048
3.699803, -1.531048
3.699808, -1.531049
3.699813, -1.531048
3.699818, -1.531049
3.699824, -1.531049
3.699829, -1.531049
3.699834, -1.531049
3.699839, -1.531049
3.699844, -1.531049
3.699849, -1.531049
3.699854, -1.531049
3.699859, -1.531049
3.699864, -1.531049
3.699869, -1.531049
3.699874, -1.531049
3.699879, -1.531049
3.699884, -1.531049
3.699889, -1.531049
3.699894, -1.531049
3.699898, -1.531049
3.699903, -1.531049
3.699908, -1.531049
3.699913, -1.531049
3.699918, -1.531049
3.699922, -1.531049
3.699927, -1.531049
3.699932, -1.531049
3.699937, -1.531049
3.699941, -1.531049
3.699946, -1.531049
3.699951, -1.531049
3.699956, -1.531049
3.699960, -1.531049
3.699965, -1.531049
3.699970, -1.531049
3.699974, -1.531049
3.699979, -1.531049
3.699983, -1.531049
3.699988, -1.531049
3.699992, -1.531049
3.699997, -1.531049
3.700001, -1.531049
3.700006, -1.531049
3.700010, -1.531049
3.700015, -1.531049
3.700019, -1.531049
3.700024, -1.531049
3.700028, -1.531049
3.700033, -1.531049
3.700037, -1.531049
3.700041, -1.531049
3.700046, -1.531049
3.700050, -1.531049
3.700054, -1.531049
3.700058, -1.531049
3.700063, -1.531049
3.700067, -1.531049
3.700071, -1.531049
3.700076, -1.531049
3.700080, -1.531049
3.700084, -1.531049
3.700089, -1.531049
3.700093, -1.531049
3.700097, -1.531049
3.700101, -1.531049
3.700105, -1.531049
3.700109, -1.531049
3.700113, -1.531049
3.700117, -1.531049
3.700121, -1.531049
3.700125, -1.531049
3.700129, -1.531049
3.700133, -1.531049
3.700137, -1.531049
3.700141, -1.531049
3.700145, -1.531049
3.700150, -1.531049
3.700154, -1.531049
3.700158, -1.531049
3.700162, -1.531049
3.700166, -1.531049
3.700169, -1.531049
3.700173, -1.531049
3.700177, -1.531049
3.700181, -1.531049
3.700185, -1.531049
3.700188, -1.531049
3.700192, -1.531049
3.700196, -1.531049
3.700200, -1.531049
3.700204, -1.531049
3.700207, -1.531049
3.700211, -1.531049
3.700215, -1.531049
3.700219, -1.531049
3.700223, -1.531049
3.700227, -1.531049
3.700230, -1.531049
3.700234, -1.531049
3.700237, -1.531049
3.700241, -1.531049
3.700244, -1.531049
3.700248, -1.531049
3.700252, -1.531049
3.700255, -1.531049
3.700259, -1.531049
3.700262, -1.531049
3.700266, -1.531049
3.700269, -1.531049
3.700273, -1.531049
3.700277, -1.531049
3.700280, -1.531049
3.700284, -1.531049
3.700287, -1.531049
3.700291, -1.531049
3.700294, -1.531050
3.700298, -1.531050
3.700301, -1.531049
3.700305, -1.531049
3.700308, -1.531049
3.700311, -1.531049
3.700315, -1.531050
3.700318, -1.531050
3.700321, -1.531050
3.700325, -1.531050
3.700328, -1.531050
3.700331, -1.531050
3.700335, -1.531050
3.700338, -1.531050
3.700341, -1.531050
3.700345, -1.531050
3.700348, -1.531050
3.700351, -1.531050
3.700355, -1.531050
3.700358, -1.531050
3.700361, -1.531050
3.700364, -1.531050
3.700367, -1.531050
3.700371, -1.531050
3.700374, -1.531050
3.700377, -1.531050
3.700380, -1.531050
3.700383, -1.531050
3.700386, -1.531050
3.700389, -1.531050
3.700392, -1.531050
3.700395, -1.531050
3.700398, -1.531050
3.700402, -1.531050
3.700405, -1.531050
3.700408, -1.531050
3.700411, -1.531050
3.700414, -1.531050
3.700417, -1.531050
3.700420, -1.531050
3.700423, -1.531050
3.700426, -1.531050
3.700429, -1.531050
3.700432, -1.531050
3.700435, -1.531050
3.700438, -1.531050
3.700441, -1.531050
3.700444, -1.531050
3.700447, -1.531050
3.700449, -1.531050
3.700452, -1.531050
3.700455, -1.531050
3.700458, -1.531050
3.700461, -1.531050
3.700464, -1.531050
3.700467, -1.531050
3.700469, -1.531050
3.700472, -1.531050
3.700475, -1.531050
3.700478, -1.531050
3.700481, -1.531050
3.700484, -1.531050
3.700487, -1.531050
3.700490, -1.531050
3.700492, -1.531050
3.700495, -1.531050
3.700498, -1.531050
3.700500, -1.531050
3.700503, -1.531050
3.700506, -1.531050
3.700508, -1.531050
3.700511, -1.531050
3.700514, -1.531050
3.700516, -1.531050
3.700519, -1.531050
3.700521, -1.531050
3.700524, -1.531050
3.700527, -1.531050
3.700529, -1.531050
3.700532, -1.531050
3.700535, -1.531050
3.700537, -1.531050
3.700540, -1.531050
3.700542, -1.531050
3.700545, -1.531050
3.700548, -1.531050
3.700550, -1.531050
3.700553, -1.531050
3.700556, -1.531050
3.700558, -1.531050
3.700561, -1.531050
3.700563, -1.531050
3.700566, -1.531050
3.700568, -1.531050
3.700571, -1.531050
3.700573, -1.531050
3.700575, -1.531050
3.700578, -1.531050
3.700580, -1.531050
3.700583, -1.531050
3.700585, -1.531050
3.700587, -1.531050
3.700590, -1.531050
3.700592, -1.531050
3.700594, -1.531050
3.700597, -1.531050
3.700599, -1.531050
3.700602, -1.531050
3.700604, -1.531050
3.700606, -1.531050
3.700609, -1.531050
3.700611, -1.531050
3.700613, -1.531050
3.700616, -1.531050
3.700618, -1.531050
3.700621, -1.531050
3.700623, -1.531050
3.700625, -1.531050
3.700628, -1.531050
3.700630, -1.531050
3.700632, -1.531050
3.700634, -1.531050
3.700637, -1.531050
3.700639, -1.531050
3.700641, -1.531050
3.700643, -1.531050
3.700645, -1.531050
3.700647, -1.531050
3.700649, -1.531050
3.700652, -1.531050
3.700654, -1.531050
3.700656, -1.531050
3.700658, -1.531050
3.700660, -1.531050
3.700662, -1.531050
3.700665, -1.531050
3.700667, -1.531050
3.700669, -1.531050
3.700671, -1.531050
3.700673, -1.531050
3.700675, -1.531050
3.700677, -1.531050
3.700680, -1.531050
3.700682, -1.531050
3.700684, -1.531050
3.700686, -1.531050
3.700688, -1.531050
3.700690, -1.531050
3.700692, -1.531050
3.700695, -1.531050
3.700697, -1.531050
3.700699, -1.531050
3.700701, -1.531050
3.700702, -1.531050
3.700704, -1.531050
3.700706, -1.531050
3.700708, -1.531050
3.700710, -1.531050
3.700712, -1.531050
3.700714, -1.531050
3.700716, -1.531050
3.700718, -1.531050
3.700720, -1.531050
3.700722, -1.531050
3.700723, -1.531050
3.700725, -1.531050
3.700727, -1.531050
3.700729, -1.531050
3.700731, -1.531050
3.700733, -1.531050
3.700735, -1.531050
3.700737, -1.531050
3.700739, -1.531050
3.700741, -1.531050
3.700742, -1.531050
3.700744, -1.531050
3.700746, -1.531050
3.700748, -1.531050
3.700750, -1.531050
3.700752, -1.531050
3.700754, -1.531050
3.700756, -1.531050
3.700758, -1.531050
3.700760, -1.531050
3.700762, -1.531050
3.700763, -1.531050
3.700765, -1.531050
3.700767, -1.531050
3.700768, -1.531050
3.700770, -1.531050
3.700772, -1.531050
3.700773, -1.531050
3.700775, -1.531050
3.700777, -1.531050
3.700778, -1.531050
3.700780, -1.531050
3.700782, -1.531050
3.700783, -1.531050
3.700785, -1.531050
3.700787, -1.531050
3.700788, -1.531050
3.700790, -1.531050
3.700792, -1.531050
3.700794, -1.531050
3.700795, -1.531050
3.700797, -1.531050
3.700799, -1.531050
3.700800, -1.531050
3.700802, -1.531050
3.700804, -1.531050
3.700805, -1.531050
3.700807, -1.531050
3.700809, -1.531050
3.700810, -1.531050
3.700812, -1.531050
3.700814, -1.531050
3.700815, -1.531050
3.700817, -1.531050
3.700819, -1.531050
3.700820, -1.531050
3.700822, -1.531050
3.700824, -1.531050
3.700825, -1.531050
3.700827, -1.531050
3.700829, -1.531050
3.700830, -1.531050
3.700832, -1.531050
3.700833, -1.531050
3.700835, -1.531050
3.700836, -1.531050
3.700837, -1.531050
3.700839, -1.531050
3.700840, -1.531050
3.700842, -1.531050
3.700843, -1.531050
3.700845, -1.531050
3.700846, -1.531050
3.700847, -1.531050
3.700849, -1.531050
3.700850, -1.531050
3.700852, -1.531050
3.700853, -1.531050
3.700855, -1.531050
3.700856, -1.531050
3.700857, -1.531050
3.700859, -1.531050
3.700860, -1.531050
3.700862, -1.531050
3.700863, -1.531050
3.700865, -1.531050
3.700866, -1.531050
3.700867, -1.531050
3.700869, -1.531050
3.700870, -1.531050
3.700872, -1.531050
3.700873, -1.531050
3.700875, -1.531050
3.700876, -1.531050
3.700877, -1.531050
3.700879, -1.531050
3.700880, -1.531050
3.700882, -1.531050
3.700883, -1.531050
3.700885, -1.531050
3.700886, -1.531050
3.700887, -1.531050
3.700889, -1.531050
3.700890, -1.531050
3.700892, -1.531050
3.700893, -1.531050
3.700895, -1.531050
3.700896, -1.531050
3.700897, -1.531050
3.700899, -1.531050
3.700900, -1.531050
3.700901, -1.531050
3.700902, -1.531050
3.700903, -1.531050
3.700905, -1.531050
3.700906, -1.531050
3.700907, -1.531050
3.700908, -1.531050
3.700909, -1.531050
3.700911, -1.531050
3.700912, -1.531050
3.700913, -1.531050
3.700914, -1.531050
3.700915, -1.531050
3.700917, -1.531050
3.700918, -1.531050
3.700919, -1.531050
3.700920, -1.531050
3.700921, -1.531050
3.700922, -1.531050
3.700924, -1.531050
3.700925, -1.531050
3.700926, -1.531050
3.700927, -1.531050
3.700928, -1.531050
3.700930, -1.531050
3.700931, -1.531050
3.700932, -1.531050
3.700933, -1.531050
3.700934, -1.531050
3.700936, -1.531050
3.700937, -1.531050
3.700938, -1.531050
3.700939, -1.531050
3.700940, -1.531050
3.700942, -1.531050
3.700943, -1.531050
3.700944, -1.531050
3.700945, -1.531050
3.700946, -1.531050
3.700948, -1.531050
3.700949, -1.531050
3.700950, -1.531050
3.700951, -1.531050
3.700952, -1.531050
3.700953, -1.531050
3.700955, -1.531050
3.700956, -1.531050
3.700957, -1.531050
3.700958, -1.531050
3.700959, -1.531050
3.700961, -1.531050
3.700962, -1.531050
3.700963, -1.531050
3.700964, -1.531050
3.700965, -1.531050
3.700966, -1.531050
3.700967, -1.531050
3.700968, -1.531050
3.700969, -1.531050
3.700970, -1.531050
3.700971, -1.531050
3.700972, -1.531050
3.700973, -1.531050
3.700974, -1.531050
3.700975, -1.531050
3.700976, -1.531050
3.700977, -1.531050
3.700978, -1.531050
3.700979, -1.531050
3.700979, -1.531050
3.700980, -1.531050
3.700981, -1.531050
3.700982, -1.531050
3.700983, -1.531050
3.700984, -1.531050
3.700985, -1.531050
3.700986, -1.531050
3.700987, -1.531050
3.700988, -1.531050
3.700989, -1.531050
3.700990, -1.531050
3.700991, -1.531050
3.700992, -1.531050
3.700993, -1.531050
3.700994, -1.531050
3.700995, -1.531050
3.700996, -1.531050
3.700997, -1.531050
3.700998, -1.531050
3.700999, -1.531050
3.700999, -1.531050
3.701000, -1.531050
3.701001, -1.531050
3.701002, -1.531050
3.701003, -1.531050
3.701004, -1.531050
3.701005, -1.531050
3.701006, -1.531050
3.701007, -1.531050
3.701008, -1.531050
3.701009, -1.531050
3.701010, -1.531050
3.701011, -1.531050
3.701012, -1.531050
3.701013, -1.531050
3.701014, -1.531050
3.701015, -1.531050
3.701016, -1.531050
3.701017, -1.531050
3.701018, -1.531050
3.701019, -1.531050
3.701020, -1.531050
3.701020, -1.531050
3.701021, -1.531050
3.701022, -1.531050
3.701023, -1.531050
3.701024, -1.531050
3.701025, -1.531050
3.701026, -1.531050
3.701027, -1.531050
3.701028, -1.531050
3.701029, -1.531050
3.701030, -1.531050
3.701031, -1.531050
3.701032, -1.531050
3.701032, -1.531050
3.701033, -1.531050
3.701034, -1.531050
3.701035, -1.531050
3.701035, -1.531050
3.701036, -1.531050
3.701037, -1.531050
3.701037, -1.531050
3.701038, -1.531050
3.701039, -1.531050
3.701040, -1.531050
3.701040, -1.531050
3.701041, -1.531050
3.701042, -1.531050
3.701042, -1.531050
3.701043, -1.531050
3.701044, -1.531050
3.701045, -1.531050
3.701045, -1.531050
3.701046, -1.531050
3.701047, -1.531050
3.701047, -1.531050
3.701048, -1.531050
3.701049, -1.531050
3.701050, -1.531050
3.701050, -1.531050
3.701051, -1.531050
3.701052, -1.531050
3.701052, -1.531050
3.701053, -1.531050
3.701054, -1.531050
3.701055, -1.531050
3.701055, -1.531050
3.701056, -1.531050
3.701057, -1.531050
3.701057, -1.531050
3.701058, -1.531050
3.701059, -1.531050
3.701060, -1.531050
3.701060, -1.531050
3.701061, -1.531050
3.701062, -1.531050
3.701062, -1.531050
3.701063, -1.531050
3.701064, -1.531050
3.701065, -1.531050
3.701065, -1.531050
3.701066, -1.531050
3.701067, -1.531050
3.701067, -1.531050
3.701068, -1.531050
3.701069, -1.531050
3.701070, -1.531050
3.701070, -1.531050
3.701071, -1.531050
3.701072, -1.531050
3.701072, -1.531050
3.701073, -1.531050
3.701074, -1.531050
3.701075, -1.531050
3.701075, -1.531050
3.701076, -1.531050
3.701077, -1.531050
3.701077, -1.531050
3.701078, -1.531050
3.701079, -1.531050
3.701080, -1.531050
3.701080, -1.531050
3.701081, -1.531050
3.701082, -1.531050
3.701082, -1.531050
3.701083, -1.531050
3.701084, -1.531050
3.701085, -1.531050
3.701085, -1.531050
3.701086, -1.531050
3.701087, -1.531050
3.701087, -1.531050
3.701088, -1.531050
3.701089, -1.531050
3.701090, -1.531050
3.701090, -1.531050
3.701091, -1.531050
3.701092, -1.531050
3.701092, -1.531050
3.701093, -1.531050
3.701094, -1.531050
3.701095, -1.531050
3.701095, -1.531050
3.701096, -1.531050
3.701097, -1.531050
3.701097, -1.531050
3.701098, -1.531050
3.701099, -1.531050
3.701099, -1.531050
3.701100, -1.531050
3.701100, -1.531050
3.701101, -1.531050
3.701101, -1.531050
3.701102, -1.531050
3.701102, -1.531050
3.701102, -1.531050
3.701103, -1.531050
3.701103, -1.531050
3.701104, -1.531050
3.701104, -1.531050
3.701105, -1.531050
3.701105, -1.531050
3.701106, -1.531050
3.701106, -1.531050
3.701107, -1.531050
3.701107, -1.531050
3.701108, -1.531050
3.701108, -1.531050
3.701109, -1.531050
3.701109, -1.531050
3.701110, -1.531050
3.701110, -1.531050
3.701111, -1.531050
3.701111, -1.531050
3.701112, -1.531050
3.701112, -1.531050
3.701113, -1.531050
3.701113, -1.531050
3.701113, -1.531050
3.701114, -1.531050
3.701114, -1.531050
3.701115, -1.531050
3.701115, -1.531050
3.701116, -1.531050
3.701116, -1.531050
3.701117, -1.531050
3.701117, -1.531050
3.701118, -1.531050
3.701118, -1.531050
3.701119, -1.531050
3.701119, -1.531050
3.701120, -1.531050
3.701120, -1.531050
3.701121, -1.531050
3.701121, -1.531050
3.701122, -1.531050
3.701122, -1.531050
3.701123, -1.531050
3.701123, -1.531050
3.701123, -1.531050
3.701124, -1.531050
3.701124, -1.531050
3.701125, -1.531050
3.701125, -1.531050
3.701126, -1.531050
3.701126, -1.531050
3.701127, -1.531050
3.701127, -1.531050
3.701128, -1.531050
3.701128, -1.531050
3.701129, -1.531050
3.701129, -1.531050
3.701130, -1.531050
3.701130, -1.531050
3.701131, -1.531050
3.701131, -1.531050
3.701132, -1.531050
3.701132, -1.531050
3.701133, -1.531050
3.701133, -1.531050
3.701133, -1.531050
3.701134, -1.531050
3.701134, -1.531050
3.701135, -1.531050
3.701135, -1.531050
3.701136, -1.531050
3.701136, -1.531050
3.701137, -1.531050
3.701137, -1.531050
3.701138, -1.531050
3.701138, -1.531050
3.701139, -1.531050
3.701139, -1.531050
3.701140, -1.531050
3.701140, -1.531050
3.701141, -1.531050
3.701141, -1.531050
3.701142, -1.531050
3.701142, -1.531050
3.701143, -1.531050
3.701143, -1.531050
3.701144, -1.531050
3.701144, -1.531050
3.701144, -1.531050
3.701145, -1.531050
3.701145, -1.531050
3.701146, -1.531050
3.701146, -1.531050
3.701147, -1.531050
3.701147, -1.531050
3.701148, -1.531050
3.701148, -1.531050
3.701149, -1.531050
3.701149, -1.531050
3.701150, -1.531050
3.701150, -1.531050
3.701151, -1.531050
3.701151, -1.531050
3.701152, -1.531050
3.701152, -1.531050
3.701153, -1.531050
3.701153, -1.531050
3.701154, -1.531050
3.701154, -1.531050
3.701154, -1.531050
3.701155, -1.531050
3.701155, -1.531050
3.701156, -1.531050
3.701156, -1.531050
3.701157, -1.531050
3.701157, -1.531050
3.701158, -1.531050
3.701158, -1.531050
3.701159, -1.531050
3.701159, -1.531050
3.701160, -1.531050
3.701160, -1.531050
3.701161, -1.531050
3.701161, -1.531050
3.701162, -1.531050
3.701162, -1.531050
3.701163, -1.531050
3.701163, -1.531050
3.701164, -1.531050
3.701164, -1.531050
3.701164, -1.531050
3.701165, -1.531050
3.701165, -1.531050
3.701166, -1.531050
3.701166, -1.531050
3.701166, -1.531050
3.701166, -1.531050
3.701167, -1.531050
3.701167, -1.531050
3.701167, -1.531050
3.701167, -1.531050
3.701168, -1.531050
3.701168, -1.531050
3.701168, -1.531050
3.701168, -1.531050
3.701169, -1.531050
3.701169, -1.531050
3.701169, -1.531050
3.701169, -1.531050
3.701169, -1.531050
3.701170, -1.531050
3.701170, -1.531050
3.701170, -1.531050
3.701170, -1.531050
3.701171, -1.531050
3.701171, -1.531050
3.701171, -1.531050
3.701171, -1.531050
3.701172, -1.531050
3.701172, -1.531050
3.701172, -1.531050
3.701172, -1.531050
3.701173, -1.531050
3.701173, -1.531050
3.701173, -1.531050
3.701173, -1.531050
3.701174, -1.531050
3.701174, -1.531050
3.701174, -1.531050
3.701174, -1.531050
3.701174, -1.531050
3.701175, -1.531050
3.701175, -1.531050
3.701175, -1.531050
3.701175, -1.531050
3.701176, -1.531050
3.701176, -1.531050
3.701176, -1.531050
3.701176, -1.531050
3.701177, -1.531050
3.701177, -1.531050
3.701177, -1.531050
3.701177, -1.531050
3.701178, -1.531050
3.701178, -1.531050
3.701178, -1.531050
3.701178, -1.531050
3.701179, -1.531050
3.701179, -1.531050
3.701179, -1.531050
3.701179, -1.531050
3.701180, -1.531050
3.701180, -1.531050
3.701180, -1.531050
3.701180, -1.531050
3.701180, -1.531050
3.701181, -1.531050
3.701181, -1.531050
3.701181, -1.531050
3.701181, -1.531050
3.701182, -1.531050
3.701182, -1.531050
3.701182, -1.531050
3.701182, -1.531050
3.701183, -1.531050
3.701183, -1.531050
3.701183, -1.531050
3.701183, -1.531050
3.701184, -1.531050
3.701184, -1.531050
3.701184, -1.531050
3.701184, -1.531050
3.701185, -1.531050
3.701185, -1.531050
3.701185, -1.531050
3.701185, -1.531050
3.701185, -1.531050
3.701186, -1.531050
3.701186, -1.531050
3.701186, -1.531050
3.701186, -1.531050
3.701187, -1.531050
3.701187, -1.531050
3.701187, -1.531050
3.701187, -1.531050
3.701188, -1.531050
3.701188, -1.531050
3.701188, -1.531050
3.701188, -1.531050
3.701189, -1.531050
3.701189, -1.531050
3.701189, -1.531050
3.701189, -1.531050
3.701190, -1.531050
3.701190, -1.531050
3.701190, -1.531050
3.701190, -1.531050
3.701190, -1.531050
3.701191, -1.531050
3.701191, -1.531050
3.701191, -1.531050
3.701191, -1.531050
3.701192, -1.531050
3.701192, -1.531050
3.701192, -1.531050
3.701192, -1.531050
3.701193, -1.531050
3.701193, -1.531050
3.701193, -1.531050
3.701193, -1.531050
3.701194, -1.531050
3.701194, -1.531050
3.701194, -1.531050
3.701194, -1.531050
3.701195, -1.531050
3.701195, -1.531050
3.701195, -1.531050
3.701195, -1.531050
3.701195, -1.531050
3.701196, -1.531050
3.701196, -1.531050
3.701196, -1.531050
3.701196, -1.531050
3.701197, -1.531050
3.701197, -1.531050
3.701197, -1.531050
3.701197, -1.531050
3.701198, -1.531050
3.701198, -1.531050
3.701198, -1.531050
3.701198, -1.531050
3.701199, -1.531050
3.701199, -1.531050
3.701199, -1.531050
3.701199, -1.531050
3.701200, -1.531050
3.701200, -1.531050
3.701200, -1.531050
3.701200, -1.531050
3.701200, -1.531050
3.701201, -1.531050
3.701201, -1.531050
3.701201, -1.531050
3.701201, -1.531050
3.701202, -1.531050
3.701202, -1.531050
3.701202, -1.531050
3.701202, -1.531050
3.701203, -1.531050
3.701203, -1.531050
3.701203, -1.531050
3.701203, -1.531050
3.701204, -1.531050
3.701204, -1.531050
3.701204, -1.531050
3.701204, -1.531050
3.701205, -1.531050
3.701205, -1.531050
3.701205, -1.531050
3.701205, -1.531050
3.701205, -1.531050
3.701206, -1.531050
3.701206, -1.531050
3.701206, -1.531050
3.701206, -1.531050
3.701207, -1.531050
3.701207, -1.531050
3.701207, -1.531050
3.701207, -1.531050
3.701208, -1.531050
3.701208, -1.531050
3.701208, -1.531050
3.701208, -1.531050
3.701209, -1.531050
3.701209, -1.531050
3.701209, -1.531050
3.701209, -1.531050
3.701210, -1.531050
3.701210, -1.531050
3.701210, -1.531050
3.701210, -1.531050
3.701210, -1.531050
3.701211, -1.531050
3.701211, -1.531050
3.701211, -1.531050
3.701211, -1.531050
3.701212, -1.531050
3.701212, -1.531050
3.701212, -1.531050
3.701212, -1.531050
3.701213, -1.531050
3.701213, -1.531050
3.701213, -1.531050
3.701213, -1.531050
3.701214, -1.531050
3.701214, -1.531050
3.701214, -1.531050
3.701214, -1.531050
3.701215, -1.531050
3.701215, -1.531050
3.701215, -1.531050
3.701215, -1.531050
3.701216, -1.531050
3.701216, -1.531050
3.701216, -1.531050
3.701216, -1.531050
3.701216, -1.531050
3.701217, -1.531050
3.701217, -1.531050
3.701217, -1.531050
3.701217, -1.531050
3.701218, -1.531050
3.701218, -1.531050
3.701218, -1.531050
3.701218, -1.531050
3.701219, -1.531050
3.701219, -1.531050
3.701219, -1.531050
3.701219, -1.531050
3.701220, -1.531050
3.701220, -1.531050
3.701220, -1.531050
3.701220, -1.531050
3.701221, -1.531050
3.701221, -1.531050
3.701221, -1.531050
3.701221, -1.531050
3.701221, -1.531050
3.701222, -1.531050
3.701222, -1.531050
3.701222, -1.531050
3.701222, -1.531050
3.701223, -1.531050
3.701223, -1.531050
3.701223, -1.531050
3.701223, -1.531050
3.701224, -1.531050
3.701224, -1.531050
3.701224, -1.531050
3.701224, -1.531050
3.701225, -1.531050
3.701225, -1.531050
3.701225, -1.531050
3.701225, -1.531050
3.701226, -1.531050
3.701226, -1.531050
3.701226, -1.531050
3.701226, -1.531050
3.701226, -1.531050
3.701227, -1.531050
3.701227, -1.531050
3.701227, -1.531050
3.701227, -1.531050
3.701228, -1.531050
3.701228, -1.531050
3.701228, -1.531050
3.701228, -1.531050
3.701229, -1.531050
3.701229, -1.531050
3.701229, -1.531050
3.701229, -1.531050
3.701230, -1.531050
3.701230, -1.531050
3.701230, -1.531050
3.701230, -1.531050
3.701231, -1.531050
3.701231, -1.531050
3.701231, -1.531050
3.701231, -1.531050
3.701231, -1.531050
3.701232, -1.531050
3.701232, -1.531050
3.701232, -1.531050
3.701232, -1.531050
